
Input size	100
23.1609		0.2311		0.235		0.2459		0.272		0.2191		0.3548		0.4671		0.3313		0.3523		
Average time:	2.5869498

Input size	1000
0.6485		0.5121		0.5276		0.4536		0.4117		0.4318		7.16		3.3226		1.024		0.4115		
Average time:	1.49034

Input size	10000
1.5446		0.9327		4.3167		0.8852		1.015		1.1687		1.223		1.6156		1.0285		0.8196		
Average time:	1.4549599

Input size	100000
3.5652		3.5506		3.4855		3.8664		3.2332		3.3548		4.6861		3.3711		3.0404		3.0516		
Average time:	3.5204902

Input size	1000000
30.3386		26.9901		27.0162		27.2247		27.7195		26.8031		28.5508		28.9505		29.2587		27.4744		
Average time:	28.03266
