
Input size	200000
2665.917		2589.5195		3266.0293		3127.605		3013.1174		2938.601		3004.0002		2912.2869		2989.7258		3006.3232		
Average time:	2951.3125

Input size	300000
6659.6387		6666.7573		6562.4956		6613.9067		6795.716		6753.2236		6819.8433		6669.355		6625.345		6639.8066		
Average time:	6680.6084

Input size	400000
11824.746		11728.309		11904.219		11774.682		11934.179		11819.299		11868.526		11746.766		11786.135		11876.338		
Average time:	11826.318

Input size	500000
18552.482		18999.938		18513.92		18725.01		18296.342		18340.256		18260.283		18251.035		18335.41		18709.426		
Average time:	18498.41

Input size	600000
27039.467		26856.398		26409.396		26291.184		26539.646		26547.377		26350.33		26301.607		26253.883		26509.248		
Average time:	26509.854

Input size	700000
36043.77		36017.34		35994.664		36113.84		36036.043		35748.19		35847.234		36014.086		36002.105		35962.53		
Average time:	35977.977

Input size	800000
47006.66		46918.168		47108.773		47292.613		46930.684		47087.22		46886.79		47165.41		47075.207		47041.258		
Average time:	47051.277

Input size	900000
59460.902		59781.62		59578.766		60010.375		59540.79		59400.96		59599.977		59495.676		59753.285		60053.47		
Average time:	59667.586
