
Input size	100
0.075		0.0664		0.0637		0.0768		0.0648		0.0626		0.0738		0.0879		0.076		0.0861		
Average time:	0.073309995

Input size	1000
2.4005		0.8136		0.217		1.0746		0.1397		0.1424		0.1243		0.1306		0.1175		0.1288		
Average time:	0.52889997

Input size	10000
11.8969		11.9443		9.5136		9.1415		12.2321		9.9481		8.9252		9.5041		11.597		7.1411		
Average time:	10.184389

Input size	100000
920.9927		947.3915		885.4349		856.5332		791.5219		895.93494		908.5339		967.54224		936.7922		925.904		
Average time:	903.6581

Input size	1000000
79794.42		78352.73		77543.37		77112.92		79565.76		77995.37		77373.95		76042.48		77308.66		77610.79		
Average time:	77870.05
