
Input size	200000
331.1105		377.4125		301.6928		246.846		293.0862		331.9808		313.36942		281.6114		244.8247		237.05981		
Average time:	295.8994

Input size	300000
510.05548		471.5706		490.7109		498.3814		493.58472		501.0928		506.3217		499.82		535.3357		554.4519		
Average time:	506.1325

Input size	400000
896.5332		916.5657		909.1543		942.544		866.4227		890.0025		867.3074		845.4243		849.4601		878.701		
Average time:	886.2114

Input size	500000
1329.6284		1278.0763		1417.8156		1393.0328		1409.3419		1316.392		1350.9122		1326.0095		1326.4677		1256.2932		
Average time:	1340.397

Input size	600000
1873.3118		1880.1721		1965.0747		1953.3607		2033.1334		2009.1995		1904.3668		1934.7042		1884.225		1862.3193		
Average time:	1929.9867

Input size	700000
2577.7322		2515.9092		2566.95		2530.481		2647.1187		2648.9028		2607.4565		2536.676		2559.0632		2682.4229		
Average time:	2587.271

Input size	800000
3283.5117		3441.4348		3373.1711		3413.4165		3506.0115		3386.5674		3496.4124		3479.3606		3356.5286		3407.9219		
Average time:	3414.4336

Input size	900000
4394.9326		4674.2656		4409.9556		4457.482		4318.714		4421.189		4421.4746		4370.4355		4300.659		4347.3867		
Average time:	4411.65
