
Input size	200000
205.4582		179.72179		137.28659		156.3484		185.14659		166.1164		154.7971		132.6789		128.7249		145.0705		
Average time:	159.13493

Input size	300000
292.8631		328.72372		294.388		297.4546		318.3715		291.91467		280.8697		311.5298		278.8858		336.0137		
Average time:	303.10144

Input size	400000
533.6073		505.0336		510.5191		510.9576		534.4221		508.6922		524.5158		518.2467		513.61884		509.06738		
Average time:	516.86804

Input size	500000
859.622		847.1463		807.37976		810.7648		787.6032		792.8747		784.5444		787.2711		799.8709		787.7773		
Average time:	806.4854

Input size	600000
1145.5764		1180.139		1203.218		1145.1278		1156.0349		1127.7522		1129.1771		1144.0563		1140.5835		1152.2977		
Average time:	1152.3962

Input size	700000
1594.8438		1558.5492		1584.2169		1563.1176		1582.6201		1561.7812		1606.1538		1568.3671		1544.0238		1528.57		
Average time:	1569.2244

Input size	800000
2002.222		2028.8317		2015.4661		2060.492		2015.23		2020.968		2013.6382		2019.0753		2011.4614		2067.6367		
Average time:	2025.5022

Input size	900000
2575.2993		2549.8765		2547.746		2531.6787		2530.4077		2602.8572		2567.5527		2571.1018		2618.5752		2520.6162		
Average time:	2561.571
