
Input size	200000
327.2496		277.6226		240.2286		203.8852		209.0244		209.0154		299.8673		195.2176		206.8811		221.4023		
Average time:	239.03943

Input size	300000
444.4051		425.8137		433.2385		460.25333		440.9752		463.0126		461.2504		546.6663		443.2766		440.83652		
Average time:	455.9728

Input size	400000
839.32605		770.9037		791.8206		798.925		849.4631		874.9221		824.0405		838.4688		754.6479		805.941		
Average time:	814.8458

Input size	500000
1268.2767		1207.0275		1345.2894		1269.7574		1247.3533		1224.9559		1259.7322		1245.2937		1214.5898		1189.8181		
Average time:	1247.2095

Input size	600000
1786.0696		1734.607		1844.1423		1741.5786		1815.5813		1808.8442		1719.221		1722.5764		1726.8771		1724.2495		
Average time:	1762.3748

Input size	700000
2365.109		2317.7651		2360.4531		2448.4275		2367.142		2372.7324		2372.9138		2350.2012		2398.1157		2364.7783		
Average time:	2371.7637

Input size	800000
3156.7886		3049.2595		3142.837		3080.7268		3025.6702		3071.916		3086.884		3114.0127		3063.4163		3160.0696		
Average time:	3095.158

Input size	900000
3921.8904		3878.758		3972.4546		4000.425		3999.12		3897.3306		3870.726		3870.8992		3822.5667		3878.0293		
Average time:	3911.2202
