
Input size	100
0.0483		0.0572		0.0495		0.0369		0.0325		0.0323		0.056		0.0229		0.0115		0.0258		
Average time:	0.03729

Input size	1000
0.1353		0.1652		0.0935		0.1314		0.1019		0.0889		0.0533		0.0624		0.0601		0.0745		
Average time:	0.096650004

Input size	10000
0.7046		0.6411		0.6448		0.6989		0.5356		0.5309		0.634		0.6259		0.6159		0.6292		
Average time:	0.62608993

Input size	100000
4.7822		5.1009		4.7929		4.7769		4.9556		4.7511		4.7658		4.7788		5.653		5.4264		
Average time:	4.97836

Input size	1000000
57.013		56.3785		51.3647		55.1772		73.496		49.7861		55.4734		72.3592		68.290306		59.3081		
Average time:	59.864647
