
Input size	100
0.0691		0.0363		0.0347		0.0597		0.047		0.0373		0.0383		0.0163		0.0139		0.0104		
Average time:	0.0363

Input size	1000
0.2035		0.1941		0.1119		0.1164		0.1082		0.0929		0.0849		0.0814		0.0961		0.088		
Average time:	0.11774001

Input size	10000
1.5627		1.4857		1.5986		1.5433		1.0873		1.1745		1.018		1.0631		0.7695		1.0447		
Average time:	1.2347399

Input size	100000
63.2539		64.822		59.6195		67.189		41.3462		44.9556		41.5148		46.0387		51.5783		42.3662		
Average time:	52.26842

Input size	1000000
3839.8645		3423.7266		3552.4739		3469.9778		3341.3057		3379.9917		3310.5486		3337.2976		3449.3503		3405.757		
Average time:	3451.0293
