
Input size	100
0.0388		0.036		0.0463		0.0583		0.0604		0.0258		0.0103		0.0108		0.0263		0.0317		
Average time:	0.034470003

Input size	1000
0.1217		0.0992		0.0967		0.104		0.0946		0.1178		0.0852		0.1071		0.0946		0.1082		
Average time:	0.102910005

Input size	10000
0.5026		1.0502		0.5293		0.6337		0.4317		0.4963		0.478		0.3818		0.488		0.4937		
Average time:	0.54853

Input size	100000
5.2006		4.7297		4.4181		4.282		4.3363		4.2251		4.0808		4.2708		3.8922		3.769		
Average time:	4.3204603

Input size	1000000
42.0034		39.9687		40.3944		41.8349		36.7842		48.0577		44.2082		37.6825		37.8723		38.3844		
Average time:	40.719067
