
Input size	100
0.601		0.1992		0.1193		0.1111		0.1052		0.1042		0.0896		0.136		0.099		0.0774		
Average time:	0.1642

Input size	1000
0.97		0.934		0.8189		0.6486		0.602		0.5675		0.5593		0.5597		0.5031		0.5694		
Average time:	0.67324996

Input size	10000
6.3624		6.1347		5.1695		3.6979		3.8149		2.823		2.956		2.8849		3.2006		2.9557		
Average time:	3.99996

Input size	100000
84.8254		55.4453		57.8795		51.5769		47.463		51.6663		48.3536		45.5311		47.5117		49.0945		
Average time:	53.93473

Input size	1000000
4380.3735		4508.256		4480.1455		4211.474		4090.0286		4091.4766		4230.1865		4133.906		4215.068		4134.7485		
Average time:	4247.5664
