
Input size	100
0.723401		0.219		0.238699		0.1503		0.139201		0.1354		0.136601		0.1488		0.1503		0.1061		
Average time:	0.21478021

Input size	1000
1.861501		0.9569		0.6426		0.6346		0.623099		0.579		0.6215		1.1657		0.638299		1.2917		
Average time:	0.9014899

Input size	10000
7.1408		6.8622		5.6724		4.9058		3.924001		3.195		3.727099		4.8345		4.1157		3.9854		
Average time:	4.83629

Input size	100000
155.34471		109.9469		109.8222		100.647		101.2856		81.4074		105.5864		83.9688		67.876495		115.97671		
Average time:	103.18623

Input size	1000000
6051.2207		5698.491		5560.812		5854.3364		5664.691		5248.544		5271.691		5421.0537		5187.087		5261.598		
Average time:	5521.952
