
Input size	100
0.3667		0.1067		0.0684		0.055		0.0601		0.0644		0.0375		0.0217		0.0235		0.0111		
Average time:	0.081510015

Input size	1000
0.1182		0.174		0.1149		0.1472		0.1702		0.1059		0.0903		0.0902		0.066		0.0733		
Average time:	0.11502

Input size	10000
0.7093		0.8386		0.7299		0.6274		0.7181		0.5998		0.6875		0.6379		0.5991		0.5966		
Average time:	0.67442

Input size	100000
6.1295		6.0301		6.0302		6.0673		6.0648		6.0659		6.0213		6.5293		6.6979		6.005		
Average time:	6.16413

Input size	1000000
67.744095		65.4357		70.95151		63.826		65.2504		63.4637		64.6561		62.9661		74.4264		66.007		
Average time:	66.4727
