
Input size	200000
35.9405		10.7037		11.3846		10.9907		11.5066		10.9774		11.4555		12.354		9.4438		7.8382		
Average time:	13.2595005

Input size	300000
10.9227		13.4815		11.7686		10.8882		10.6096		10.7556		15.0632		11.0409		13.7972		15.6831		
Average time:	12.40106

Input size	400000
21.4248		20.4569		23.2224		26.476		16.303		15.4065		27.6697		14.2066		14.2067		14.1859		
Average time:	19.355848

Input size	500000
18.3052		19.8187		17.954		25.6344		17.7238		17.7752		23.9644		27.8156		19.9203		22.4991		
Average time:	21.141071

Input size	600000
21.5007		27.13		27.6477		21.2253		26.639		20.9967		30.6216		22.5305		22.8075		26.0326		
Average time:	24.71316

Input size	700000
30.8476		29.004		25.3454		32.0218		30.1279		24.8715		25.8278		25.6296		24.6426		24.6029		
Average time:	27.292109

Input size	800000
33.7335		29.8613		28.3356		28.9186		30.871		38.5196		37.8468		31.2416		34.3643		53.2509		
Average time:	34.694317

Input size	900000
33.8557		36.7265		31.7986		39.0769		42.7197		36.1968		36.2873		31.6637		32.6307		32.7249		
Average time:	35.36808
