
Input size	200000
22.6151		9.5965		9.7583		10.1781		9.5508		14.4768		12.239		10.4031		11.2177		9.1666		
Average time:	11.9202

Input size	300000
17.2014		16.3745		14.6311		19.2964		22.0942		22.138		19.3573		17.3468		13.5864		13.6322		
Average time:	17.56583

Input size	400000
21.7286		19.9427		18.3825		29.0515		17.6684		17.6143		18.0874		17.7841		17.9484		20.5202		
Average time:	19.87281

Input size	500000
22.5773		21.7405		22.826		22.1351		22.0436		23.1264		29.0328		24.2639		22.787		39.6448		
Average time:	25.01774

Input size	600000
31.1768		26.8738		27.703		26.9311		48.0549		26.696		27.2908		26.7482		26.6389		32.7597		
Average time:	30.08732

Input size	700000
33.5892		31.2693		31.11		32.1296		54.6015		30.9219		30.9173		31.8116		37.7711		35.1037		
Average time:	34.92252

Input size	800000
36.3852		36.2407		35.3219		39.9362		37.8564		37.2954		44.3803		35.9863		45.2983		49.239		
Average time:	39.79397

Input size	900000
42.5204		40.5564		56.3195		42.083		40.3944		39.7993		40.2113		40.5338		42.5817		43.8082		
Average time:	42.880806
