
Input size	200000
34.1914		17.121		18.8116		18.3358		18.5133		17.7428		17.2162		15.9846		17.94		16.337		
Average time:	19.219372

Input size	300000
26.3083		26.6958		23.9165		25.1879		21.0557		19.1536		28.6353		24.4943		18.8744		18.3817		
Average time:	23.270351

Input size	400000
25.918		35.7778		31.9		26.0314		28.6163		27.5431		24.0921		54.8051		24.4119		31.2866		
Average time:	31.038229

Input size	500000
50.5466		32.1737		30.1083		29.6865		30.6313		30.6595		31.0147		31.0203		39.5759		57.7177		
Average time:	36.313454

Input size	600000
43.7932		57.9935		53.6898		49.3794		37.5175		36.6207		37.1697		36.8389		54.8542		44.192		
Average time:	45.204887

Input size	700000
43.9588		45.8482		42.9295		48.026		62.2497		80.95329		95.5742		55.0484		42.5763		92.479		
Average time:	60.964344

Input size	800000
50.1725		55.8546		58.6069		51.7316		94.1046		101.474495		62.8344		60.5608		66.8072		66.0133		
Average time:	66.81604

Input size	900000
82.63889		55.2413		75.4732		69.00751		61.851		56.1221		57.1815		55.014		57.2541		64.6652		
Average time:	63.444878
